>> a=100;
>> r=0.9;
>> t=10;
>> p=a*exp(r*t)

p =

   8.1031e+05
